Top 20 most similar pairs on SimLex with bow5 embeddings.
sheep_cattle: 0.8704002499580383
actress_actor: 0.8529393076896667
south_north: 0.8475756645202637
archbishop_bishop: 0.8442046642303467
winter_summer: 0.8428798913955688
movie_film: 0.8248292207717896
bread_cheese: 0.7979764342308044
elbow_ankle: 0.7876247763633728
disease_infection: 0.7737482786178589
phrase_word: 0.7732871174812317
frustration_anger: 0.7728902697563171
dog_cat: 0.769834578037262
analyze_evaluate: 0.7642325162887573
chicken_steak: 0.762597382068634
cow_goat: 0.758286714553833
large_huge: 0.7579036951065063
stupid_dumb: 0.751929759979248
journey_trip: 0.7453570365905762
meat_bread: 0.7447824478149414
liver_lung: 0.7423389554023743

Top 20 most similar pairs on MEN with bow5 embeddings.
boys_girls: 0.871456503868103
cattle_sheep: 0.8704002499580383
carrots_potatoes: 0.8539503812789917
mammals_reptiles: 0.8461014032363892
beef_meat: 0.8433990478515625
gold_silver: 0.843284547328949
summer_winter: 0.8428798913955688
amphibians_reptiles: 0.8388062715530396
daughter_son: 0.828425943851471
mammals_rodents: 0.8188496232032776
amphibians_mammals: 0.8106434345245361
salad_soup: 0.8073239922523499
goats_sheep: 0.8045960068702698
beef_chicken: 0.7992272973060608
potatoes_tomato: 0.7895815968513489
bicycle_bike: 0.78774094581604
candy_chocolate: 0.7790707349777222
chicken_meat: 0.777061402797699
cattle_goats: 0.7716013789176941
insects_rodents: 0.7701081037521362
